342240346
21903717
2632268
371969359
531686789
312958074
452995848
225169932
302202875
433669224
219992161
311903060
309388282
460789883
179349330
332177965
206737808
1786182
553896171
444893470
385142183
531532999
51854828
410506402
315590830
339284118
361052062
297144052
114336512
409104134
586909775
83571789
167590878
324963603
570737846
409021977
409018998
530294457
391353423
344330726
357211147
374414804
402251836
430782296
390522771
219536332
361857442
89332195
77996112
333747799
411455802
134050582
334089968
333820988
669260674
146272433
257777072
488453736
169637064
260864072
296030129
332695759
549436840
302199228
145408662
222454905
312201595
343963553
312179424
311774134
302573591
311776282
332698284
389568634
569528080
333111128
302777040
433291933
548795119
214036062
20514980
289526979
296841274
256750418
307580280
166852916
300889890
325994561
344031791
392290615
475640914
319927949
166855266
315468988
291541373
394760106
156869834
224951130
585220986
291543185
324110713
593022865
317133720
315447001
291529796
291556122
167657966
363624873
282572100
295100183
257200050
158446177
295102940
310625183
639737565
167669081
507809314
500582679
332516343
496269258
371670812
364578279
639702701
493618370
150274920
652501991
348593239
507810696
511079009
476608362
490132776
291520698
295092885
158449610
156865846
316902233
167652523
639728735
167712796
291558334
316896019
429184648
224956895
149736792
292810617
238871337
238915977
217992930
225209341
639745011
210153065
511337367
496261394
325473048
330410704
512507240
512061090
512066729
512512281
225163305
507825917
507815275
647121345
336009819
167664571
149751688
345908279
166029860
291548561
197298582
564726353
336008473
476628661
490169608
507783478
511039696
145846171
316898723
330410462
336019381
647165193
324032492
153797070
564719950
336019950
389310947
149830819
295107715
251847443
291545300
545410898
543003571
330405544
260542684
225040820
507769012
511030989
507791057
511050000
508152642
510870605
291517793
229792549
576668420
291523684
291526583
238874105
225213759
345500447
347530299
257204744
291534263
291537742
338900466
490153532
476633159
302669375
302393848
665904792
507822085
507775215
511035842
496550426
496548851
646319029
545393199
511044823
507795309
511024432
507779798
255269445
493914492
571150162
544365043
545666258
291419518
227842192
394706655
361960034
361961218
333760119
354823573
639768806
323403776
323505065
295089811
295114603
291077410
371653279
356695150
330413337
404345015
400372672
570845854
371766530
496025267
315487697
496028219
383305921
356700044
288869444
480654625
302384445
302195073
643554508
589398610
639753673
225047631
653637112
639720586
480710602
488637021
488640471
480703325
488641846
480673200
158441617
494094725
480714936
488633370
480702505
480775961
488629404
488627585
355387179
488646617
488647969
488664188
480665086
480653053
480684857
480687176
488663824
480676733
488664279
480775936
488648141
488646524
480771368
488665159
354816537
646313201
239516426
291561106
554921781
160426829
326539904
289185409
472397923
442739347
474480363
219997788
325988428
373943375
523380369
359823988
575090690
255992735
281407957
551235932
125712751
380772375
316939067
380782914
343178558
514901617
599131018
346984888
342329142
345505723
346983467
380340959
380343300
380343392
380335274
380337783
380334880
380343023
564136482
373228560
170716092
110683887
15076713
170663942
182382033
380306477
169299755
177910815
170713140
110674438
429188946
507136133
226914578
523679994
187723874
243084424
188499720
410603862
564869602
149901358
451782878
357168570
566228361
182379647
237658682
480692588
475998217
549807178
480659990
118134841
169296492
329124739
338197071
253562928
302575780
440221593
488448415
336292665
15022818
325507408
255513144
296050387
587651593
219567068
146345552
300433348
553904188
28202270
618854708
182675496
229260353
526260818
152936194
295317477
169121363
428759123
322804279
526259985
526259074
152931326
152926887
148287496
226843194
526283845
182671011
409745269
560394569
365981124
187775173
169407491
530692431
169259679
375300681
315622946
308737366
485597389
407049041
374565139
227236703
325479859
256797401
227218590
256399903
325481902
212677485
333761437
158447865
343398837
167830503
588298721
302495424
302312850
341592618
297574914
341587716
348664365
298517643
281298403
300512694
312846487
551690997
304372734
551693852
567340372
577036363
371969585
576987353
402275536
553716493
255993615
158139259
149947716
291165897
308824095
304552290
400373518
402275635
361965193
361967334
361963693
306493505
289157409
429152740
210155323
566234976
164603820
531770560
531773481
529086562
529087091
531112237
531821831
531633464
531101910
531372608
531634725
531210642
531471091
531612698
531709047
531531421
531668667
531817513
549334787
260211392
260207933
531735446
531808449
531233846
531883100
531149417
531435642
531652453
531437481
531637070
531809371
531380682
548671217
531132091
531784938
531561833
531697919
531320955
531779710
531288228
531817504
531425287
531234991
531337103
531518575
531112340
531469233
531593092
531475996
531156357
531608622
531198163
531494529
531303795
531309555
531330760
531199500
548676083
531360669
531617862
531797141
531449388
531486419
531665222
548661879
531506233
531736441
531534064
531126500
531787362
531788505
531623286
531653736
531572480
531418604
531719005
531589102
531229400
296261293
549292940
549289101
296428338
549285273
549281557
531731020
531673575
531697912
531250174
531492090
531312476
531268109
531303322
531266479
531686914
531804026
531686693
531169339
531677645
531162815
531107620
531505743
531883579
531295219
531595655
531556469
531442040
531364873
531581934
548683174
531454802
531168248
531120920
531359928
531258429
531712633
531722241
531464559
531748288
531567087
531740862
531422921
531792112
531426628
531380845
531342469
531408345
531172574
531500523
531191758
531281942
531142277
531275449
531276513
531136523
531570150
531657839
531665634
531409282
531221134
531642661
531242923
531709377
531762711
531758465
531512023
548662113
531185655
531382867
531567303
531399991
549338551
531220547
531770658
531549557
531513112
531413889
531370744
531119086
548671622
531748273
531396819
531387105
531523446
531649038
531251565
531462124
531320726
531179538
531182732
531205918
531243337
548683337
531132113
531456254
531480873
531154619
612404578
531259429
531146727
531348542
531397791
531186951
531723394
548682232
549387798
531603813
531289543
531626954
531346880
531325498
531441841
531215142
531549625
531356230
531698947
531595544
531296659
531542697
531539704
531581902
549355133
549363760
549330844
549326771
549322343
549346894
549342486
549351104
549395603
549304953
549375699
549318045
549371739
549309083
549367797
549359395
549383617
549313313
531330741
531751153
531760350
549300877
549297037
357553027
357552769
357559608
115249004
549391798
549379734
14020885
